150100 47.703 22.886
150140 47.658 23.470
150200 47.733 26.650
150230 47.688 26.354
150800 47.025 21.903
150900 47.178 27.621
151200 46.785 23.686
151450 46.468 24.413
151700 46.367 25.733
152300 45.867 22.900
152470 45.810 21.338
152600 45.786 24.091
152920 45.420 22.253
153100 45.483 28.033
153350 45.062 28.714
153460 45.100 24.367
153500 45.150 26.817
153600 45.167 29.733
154100 44.633 22.633
154210 44.571 26.085
154500 44.318 23.889
154600 44.200 27.350
154700 44.100 24.983
154800 44.217 28.650
154810 44.362 28.488
127720 48.083 20.767
128050 47.683 16.600
128120 47.283 16.633
128220 47.717 17.683
128250 47.364 17.501
128390 47.437 19.256
128430 47.433 19.183
128510 47.867 20.017
128600 47.123 20.236
128820 47.489 21.615
128920 47.984 21.692
129100 46.917 16.317
129150 46.867 16.800
129250 46.450 16.967
129350 46.917 18.050
129420 45.991 18.241
129600 46.183 19.017
129700 46.918 19.749
129820 46.250 20.100
129920 46.683 21.167
151500 46.522 26.910
152000 46.177 21.262
154200 44.503 26.102
